0.54030230586814 -0.841470984807897
0.539152820103495 -0.8390902145148
0.538003334338851 -0.836703498478832
0.536853848574206 -0.834310836699995
0.535704362809561 -0.831912229178287
0.534910397426131 -0.830251371677125
0.534554877044917 -0.829497557604002
0.533405391280272 -0.82705426269169
0.532255905515627 -0.824604941142047
0.531106419750983 -0.822149592955073
0.529956933986338 -0.819688218130767
0.529651109839323 -0.819031758546353
0.528807448221693 -0.817195838160479
0.527657962457049 -0.81468829381187
0.526508476692404 -0.812174639699898
0.525358990927759 -0.809654875824563
0.52452039301029 -0.807812145415581
0.524209505163115 -0.807119447735098
0.52306001939847 -0.804552051977763
0.521910533633825 -0.801978461005827
0.520761047869181 -0.799398674819293
0.519611562104536 -0.79681269341816
0.519513932920174 -0.796592532284809
0.518462076339891 -0.794186871192748
0.517312590575247 -0.791551643024398
0.516163104810602 -0.788910131766063
0.515013619045957 -0.786262337417745
0.514628410378646 -0.785372919154037
0.513864133281313 -0.783582869199953
0.512714647516668 -0.780884230102916
0.511565161752024 -0.778179217511723
0.510415675987379 -0.775467831426374
0.509859692945489 -0.774153306023265
0.509266190222734 -0.77272958667641
0.50811670445809 -0.76996568523671
0.506967218693445 -0.767195317259143
0.5058177329288 -0.76441848274371
0.505204524093399 -0.762933692892493
0.504668247164156 -0.761615944487417
0.503518761399511 -0.758784847006013
0.502369275634866 -0.75594718718618
0.501219789870222 -0.753102965027921
0.500659767236425 -0.751714079761721
0.500070304105577 -0.750230197084159
0.498920818340932 -0.747329882627465
0.497771332576288 -0.744422907150562
0.496621846811643 -0.741509270653451
0.496222400258389 -0.740494466630949
0.495472361046998 -0.738559881632394
0.494322875282354 -0.73558823670498
0.493173389517709 -0.732609829062394
0.492023903753064 -0.729624658704634
0.491889510338131 -0.729274853500177
0.49087441798842 -0.726591762408935
0.489724932223775 -0.723546575213261
0.488575446459131 -0.720494520454117
0.487658810651602 -0.718055240369405
0.487425960694486 -0.717425839986024
0.486276474929841 -0.714311769944253
0.485126989165197 -0.711190724188405
0.483977503400552 -0.708062702718482
0.48352758089235 -0.706835627238633
0.482828017635907 -0.704897178787215
0.481678531871263 -0.70170493432277
0.480529046106618 -0.698505602532824
0.479493142614098 -0.695616014107861
0.479379560341973 -0.695294031698831
0.478230074577329 -0.69202827312063
0.477080588812684 -0.688755311975862
0.475931103048039 -0.685475148264528
0.47555389997855 -0.684396400977089
0.474781617283395 -0.682151275887611
0.47363213151875 -0.678802251359765
0.472482645754105 -0.675445905214664
0.471707207067082 -0.673176787846317
0.471333159989461 -0.672063841647369
0.470183674224816 -0.66863619698407
0.469034188460171 -0.665201107651127
0.467951016956822 -0.661957174715545
0.467884702695527 -0.661755178758506
0.466735216930882 -0.658246226091877
0.465585731166238 -0.654729701496293
0.464436245401593 -0.651205604971756
0.464283906863121 -0.650737561584773
0.463286759636948 -0.647620656082324
0.462137273872304 -0.644019863693225
0.460987788107659 -0.640411367689451
0.460703795850215 -0.639517948454001
0.459838302343014 -0.636746977267763
0.45868881657837 -0.633058934154406
0.457539330813725 -0.629363051079211
0.457208886125325 -0.628298335323229
0.45638984504908 -0.625611778361438
0.455240359284436 -0.621833340353578
0.454090873519791 -0.618046921123307
0.453797564760678 -0.617078722192457
0.452941387755146 -0.614200663761967
0.451791901990502 -0.610328513615769
0.450642416225857 -0.606448235802713
0.450468259285209 -0.605859109061685
0.449492930461212 -0.602498161561323
0.448343444696568 -0.59852879601928
0.447219489456157 -0.594639495930914
0.447193958931923 -0.594549468128714
0.446044473167279 -0.590487621039439
0.444894987402634 -0.5864173366579
0.444050229947914 -0.583419882800142
0.443745501637989 -0.582317619492523
0.442596015873345 -0.578151098216437
0.4414465301087 -0.573975975817168
0.440958651565069 -0.57220026966937
0.440297044344055 -0.569744568782349
0.439147558579411 -0.565469227807102
0.437998072814766 -0.561185115389401
0.437943325808765 -0.560980656538598
0.436848587050121 -0.556809637084616
0.435699101285477 -0.552421079654687
0.435003781313593 -0.549761043407826
0.434549615520832 -0.547987749461314
0.433400129756187 -0.543490440008341
0.432250643991543 -0.538983997403949
0.432137984025289 -0.538541430277054
0.431101158226898 -0.534382674098053
0.429951672462253 -0.529762708161196
0.429345581971641 -0.527321817146282
0.428802186697609 -0.525086354422924
0.427652700932964 -0.520347982429624
0.426624780392273 -0.51610220401551
0.426503215168319 -0.515589048866588
0.425353729403675 -0.510727066155025
0.42420424363903 -0.505855348106234
0.423975178545063 -0.504882590884738
0.423054757874386 -0.500886058851351
0.421905272109741 -0.495884955774775
0.421395572856717 -0.493662977753966
0.420755786345096 -0.490809781826943
0.419606300580452 -0.485673344985672
0.41888489184903 -0.482443364623194
0.418456814815807 -0.480481627807397
0.417307329051162 -0.475203488553678
0.416442320513957 -0.471223751492422
0.416157843286518 -0.469883388817159
0.415008357521873 -0.46445671811907
0.414067056642548 -0.46000413836165
0.413858871757228 -0.458995058562103
0.412709385992584 -0.453412521533501
0.411758310574683 -0.448784525230878
0.411559900227939 -0.447794604794272
0.410410414463294 -0.442048309469054
0.409515304954654 -0.437564912100106
0.40926092869865 -0.436257706200978
0.408111442934005 -0.430339145654647
0.407337274492437 -0.426345298969334
0.40696195716936 -0.424357447196185
0.405812471404716 -0.418257433950281
0.405223465730497 -0.415125685838562
0.404662985640071 -0.412063962540595
0.403513499875426 -0.40577255398144
0.403173136815991 -0.40390607270779
0.402364014110782 -0.399344021897516
0.401214528346137 -0.392850435190565
0.401185557278201 -0.392686459577018
0.400065042581493 -0.386160542137604
0.399260667153491 -0.381466846446246
0.398915556816848 -0.379392943687064
0.397766071052203 -0.372472012295173
0.397397265894221 -0.370247233315474
0.396616585287559 -0.365392954433866
0.395594840287417 -0.359027620184703
0.395467099522914 -0.35820654862222
0.394317613758269 -0.350804006553654
0.393853269339642 -0.347808007053931
0.393168127993625 -0.343242464471555
0.392171455388556 -0.336588393923159
0.39201864222898 -0.335533585817348
0.390869156464335 -0.327584129929504
0.390549422464878 -0.325368780792387
0.389719670699691 -0.319417934933079
0.388986406487386 -0.314149167661615
0.388570184935046 -0.311049713220075
0.387481787895383 -0.302929554530843
0.387420699170401 -0.302456593841446
0.386271213405757 -0.29354033798987
0.386035679811541 -0.291709941400071
0.385121727641112 -0.284328834408663
0.384647319302108 -0.280490328269299
0.383972241876467 -0.274805234832538
0.383316269520552 -0.269270715138527
0.382822756111823 -0.264929697219589
0.382042210543017 -0.258051102007755
0.381673270347178 -0.254655296498243
0.380824824822425 -0.246831488876983
0.380523784582533 -0.243926377351049
0.379663797166447 -0.235611875746211
0.379374298817889 -0.232676424886415
0.378558814715714 -0.224392262615439
0.378224813053244 -0.220825280132432
0.377509566922271 -0.213172649484667
0.3770753272886 -0.208275452447583
0.376515745528277 -0.201953036353895
0.375925841523955 -0.194907167615144
0.375577044544924 -0.190733423223123
0.37477635575931 -0.18057161524465
0.374693160231605 -0.179513810092351
0.373864226259245 -0.168294196961579
0.373626869994666 -0.164860022629918
0.373089758480987 -0.157074583830807
0.372477384230021 -0.147540701489637
0.372369305603071 -0.145854970700035
0.371703257300172 -0.134635357569263
0.371327898465376 -0.127762600852532
0.371090926545622 -0.123415744438491
0.37053246801041 -0.11219613130772
0.370178412700732 -0.104334299387092
0.370027471735949 -0.100976518176948
0.369576210602857 -0.0897569050461756
0.369178039014836 -0.0785372919154037
0.369028926936087 -0.0736892278945264
0.368833313659678 -0.0673176787846317
0.368541852621606 -0.0560980656538598
0.368303384499547 -0.0448784525230878
0.368117909293501 -0.0336588393923159
0.367985427003469 -0.0224392262615439
0.367905937629449 -0.011219613130772
0.367879441171442 0
0.367905937629449 0.011219613130772
0.367985427003469 0.0224392262615439
0.368117909293501 0.0336588393923159
0.368303384499547 0.0448784525230878
0.368541852621606 0.0560980656538598
0.368833313659678 0.0673176787846317
0.369028926936087 0.0736892278945264
0.369178039014836 0.0785372919154037
0.369576210602857 0.0897569050461756
0.370027471735949 0.100976518176948
0.370178412700732 0.104334299387092
0.37053246801041 0.11219613130772
0.371090926545622 0.123415744438491
0.371327898465376 0.127762600852532
0.371703257300172 0.134635357569263
0.372369305603071 0.145854970700035
0.372477384230021 0.147540701489637
0.373089758480987 0.157074583830807
0.373626869994666 0.164860022629918
0.373864226259245 0.168294196961579
0.374693160231605 0.179513810092351
0.37477635575931 0.18057161524465
0.375577044544924 0.190733423223123
0.375925841523955 0.194907167615144
0.376515745528277 0.201953036353895
0.3770753272886 0.208275452447583
0.377509566922271 0.213172649484667
0.378224813053244 0.220825280132432
0.378558814715714 0.224392262615439
0.379374298817889 0.232676424886415
0.379663797166447 0.235611875746211
0.380523784582533 0.243926377351049
0.380824824822425 0.246831488876983
0.381673270347178 0.254655296498243
0.382042210543017 0.258051102007755
0.382822756111823 0.264929697219589
0.383316269520552 0.269270715138527
0.383972241876467 0.274805234832538
0.384647319302108 0.280490328269299
0.385121727641112 0.284328834408663
0.386035679811541 0.291709941400071
0.386271213405757 0.29354033798987
0.387420699170401 0.302456593841446
0.387481787895383 0.302929554530843
0.388570184935046 0.311049713220075
0.388986406487386 0.314149167661615
0.389719670699691 0.319417934933079
0.390549422464878 0.325368780792387
0.390869156464335 0.327584129929504
0.39201864222898 0.335533585817348
0.392171455388556 0.336588393923159
0.393168127993625 0.343242464471555
0.393853269339642 0.347808007053931
0.394317613758269 0.350804006553654
0.395467099522914 0.35820654862222
0.395594840287417 0.359027620184703
0.396616585287559 0.365392954433866
0.397397265894221 0.370247233315474
0.397766071052203 0.372472012295173
0.398915556816848 0.379392943687064
0.399260667153491 0.381466846446246
0.400065042581493 0.386160542137604
0.401185557278201 0.392686459577018
0.401214528346137 0.392850435190565
0.402364014110782 0.399344021897516
0.403173136815991 0.40390607270779
0.403513499875426 0.40577255398144
0.404662985640071 0.412063962540595
0.405223465730497 0.415125685838562
0.405812471404716 0.418257433950281
0.40696195716936 0.424357447196185
0.407337274492437 0.426345298969334
0.408111442934005 0.430339145654647
0.40926092869865 0.436257706200978
0.409515304954654 0.437564912100106
0.410410414463294 0.442048309469054
0.411559900227939 0.447794604794272
0.411758310574683 0.448784525230878
0.412709385992584 0.453412521533501
0.413858871757228 0.458995058562103
0.414067056642548 0.46000413836165
0.415008357521873 0.46445671811907
0.416157843286518 0.469883388817159
0.416442320513957 0.471223751492422
0.417307329051162 0.475203488553678
0.418456814815807 0.480481627807397
0.41888489184903 0.482443364623194
0.419606300580452 0.485673344985672
0.420755786345096 0.490809781826943
0.421395572856717 0.493662977753966
0.421905272109741 0.495884955774775
0.423054757874386 0.500886058851351
0.423975178545063 0.504882590884738
0.42420424363903 0.505855348106234
0.425353729403675 0.510727066155025
0.426503215168319 0.515589048866588
0.426624780392273 0.51610220401551
0.427652700932964 0.520347982429624
0.428802186697609 0.525086354422924
0.429345581971641 0.527321817146282
0.429951672462253 0.529762708161196
0.431101158226898 0.534382674098053
0.432137984025289 0.538541430277054
0.432250643991543 0.538983997403949
0.433400129756187 0.543490440008341
0.434549615520832 0.547987749461314
0.435003781313593 0.549761043407826
0.435699101285477 0.552421079654687
0.436848587050121 0.556809637084616
0.437943325808765 0.560980656538598
0.437998072814766 0.561185115389401
0.439147558579411 0.565469227807102
0.440297044344055 0.569744568782349
0.440958651565069 0.57220026966937
0.4414465301087 0.573975975817168
0.442596015873345 0.578151098216437
0.443745501637989 0.582317619492523
0.444050229947914 0.583419882800142
0.444894987402634 0.5864173366579
0.446044473167279 0.590487621039439
0.447193958931923 0.594549468128714
0.447219489456157 0.594639495930914
0.448343444696568 0.59852879601928
0.449492930461212 0.602498161561323
0.450468259285209 0.605859109061685
0.450642416225857 0.606448235802713
0.451791901990502 0.610328513615769
0.452941387755146 0.614200663761967
0.453797564760678 0.617078722192457
0.454090873519791 0.618046921123307
0.455240359284436 0.621833340353578
0.45638984504908 0.625611778361438
0.457208886125325 0.628298335323229
0.457539330813725 0.629363051079211
0.45868881657837 0.633058934154406
0.459838302343014 0.636746977267763
0.460703795850215 0.639517948454001
0.460987788107659 0.640411367689451
0.462137273872304 0.644019863693225
0.463286759636948 0.647620656082324
0.464283906863121 0.650737561584773
0.464436245401593 0.651205604971756
0.465585731166238 0.654729701496293
0.466735216930882 0.658246226091877
0.467884702695527 0.661755178758506
0.467951016956822 0.661957174715545
0.469034188460171 0.665201107651127
0.470183674224816 0.66863619698407
0.471333159989461 0.672063841647369
0.471707207067082 0.673176787846317
0.472482645754105 0.675445905214664
0.47363213151875 0.678802251359765
0.474781617283395 0.682151275887611
0.47555389997855 0.684396400977089
0.475931103048039 0.685475148264528
0.477080588812684 0.688755311975862
0.478230074577329 0.69202827312063
0.479379560341973 0.695294031698831
0.479493142614098 0.695616014107861
0.480529046106618 0.698505602532824
0.481678531871263 0.70170493432277
0.482828017635907 0.704897178787215
0.48352758089235 0.706835627238633
0.483977503400552 0.708062702718482
0.485126989165197 0.711190724188405
0.486276474929841 0.714311769944253
0.487425960694486 0.717425839986024
0.487658810651602 0.718055240369405
0.488575446459131 0.720494520454117
0.489724932223775 0.723546575213261
0.49087441798842 0.726591762408935
0.491889510338131 0.729274853500177
0.492023903753064 0.729624658704634
0.493173389517709 0.732609829062394
0.494322875282354 0.73558823670498
0.495472361046998 0.738559881632394
0.496222400258389 0.740494466630949
0.496621846811643 0.741509270653451
0.497771332576288 0.744422907150562
0.498920818340932 0.747329882627465
0.500070304105577 0.750230197084159
0.500659767236425 0.751714079761721
0.501219789870222 0.753102965027921
0.502369275634866 0.75594718718618
0.503518761399511 0.758784847006013
0.504668247164156 0.761615944487417
0.505204524093399 0.762933692892493
0.5058177329288 0.76441848274371
0.506967218693445 0.767195317259143
0.50811670445809 0.76996568523671
0.509266190222734 0.77272958667641
0.509859692945489 0.774153306023265
0.510415675987379 0.775467831426374
0.511565161752024 0.778179217511723
0.512714647516668 0.780884230102916
0.513864133281313 0.783582869199953
0.514628410378646 0.785372919154037
0.515013619045957 0.786262337417745
0.516163104810602 0.788910131766063
0.517312590575247 0.791551643024398
0.518462076339891 0.794186871192748
0.519513932920174 0.796592532284809
0.519611562104536 0.79681269341816
0.520761047869181 0.799398674819293
0.521910533633825 0.801978461005827
0.52306001939847 0.804552051977763
0.524209505163115 0.807119447735098
0.52452039301029 0.807812145415581
0.525358990927759 0.809654875824563
0.526508476692404 0.812174639699898
0.527657962457049 0.81468829381187
0.528807448221693 0.817195838160479
0.529651109839323 0.819031758546353
0.529956933986338 0.819688218130767
0.531106419750983 0.822149592955073
0.532255905515627 0.824604941142047
0.533405391280272 0.82705426269169
0.534554877044917 0.829497557604002
0.534910397426131 0.830251371677125
0.535704362809561 0.831912229178287
0.536853848574206 0.834310836699995
0.538003334338851 0.836703498478832
0.539152820103495 0.8390902145148
0.54030230586814 0.841470984807897
